MAX_A=10
MAX_W_ROLL=5
MAX_W_PITCH=5
MAX_W_YAW=7
LAT=55.08702067774778
LON=38.1481475549193
X=4246632.359929144
Y=7378773.400845183